61 61 5285313281.25
66 61 5285313281.25
125 61 5285313281.25
130 61 5285313281.25
189 61 5285313281.25
194 61 5285313281.25
253 61 5285313281.25
258 61 5285313281.25
317 61 5285313281.25
322 61 5285313281.25
61 66 5285313281.25
66 66 5285313281.25
125 66 5285313281.25
130 66 5285313281.25
189 66 5285313281.25
194 66 5285313281.25
253 66 5285313281.25
258 66 5285313281.25
317 66 5285313281.25
322 66 5285313281.25
61 125 5285313281.25
66 125 5285313281.25
125 125 5285313281.25
130 125 5285313281.25
189 125 5285313281.25
194 125 5285313281.25
253 125 5285313281.25
258 125 5285313281.25
317 125 5285313281.25
322 125 5285313281.25
61 130 5285313281.25
66 130 5285313281.25
125 130 5285313281.25
130 130 5285313281.25
189 130 5285313281.25
194 130 5285313281.25
253 130 5285313281.25
258 130 5285313281.25
317 130 5285313281.25
322 130 5285313281.25
61 189 5285313281.25
66 189 5285313281.25
125 189 5285313281.25
130 189 5285313281.25
189 189 5285313281.25
194 189 5285313281.25
253 189 5285313281.25
258 189 5285313281.25
317 189 5285313281.25
322 189 5285313281.25
61 194 5285313281.25
66 194 5285313281.25
125 194 5285313281.25
130 194 5285313281.25
189 194 5285313281.25
194 194 5285313281.25
253 194 5285313281.25
258 194 5285313281.25
317 194 5285313281.25
322 194 5285313281.25
61 253 5285313281.25
66 253 5285313281.25
125 253 5285313281.25
130 253 5285313281.25
189 253 5285313281.25
194 253 5285313281.25
253 253 5285313281.25
258 253 5285313281.25
317 253 5285313281.25
322 253 5285313281.25
61 258 5285313281.25
66 258 5285313281.25
125 258 5285313281.25
130 258 5285313281.25
189 258 5285313281.25
194 258 5285313281.25
253 258 5285313281.25
258 258 5285313281.25
317 258 5285313281.25
322 258 5285313281.25
61 317 5285313281.25
66 317 5285313281.25
125 317 5285313281.25
130 317 5285313281.25
189 317 5285313281.25
194 317 5285313281.25
253 317 5285313281.25
258 317 5285313281.25
317 317 5285313281.25
322 317 5285313281.25
61 322 5285313281.25
66 322 5285313281.25
125 322 5285313281.25
130 322 5285313281.25
189 322 5285313281.25
194 322 5285313281.25
253 322 5285313281.25
258 322 5285313281.25
317 322 5285313281.25
322 322 5285313281.25
